Wvlgth nm,Global tilt W*m-2*nm-1
339.619,0.00E+00
340,0.00E+00
340.381,0.00E+00
340.762,0.00E+00
341.143,0.00E+00
341.524,0.00E+00
341.904,0.00E+00
342.285,0.00E+00
342.666,0.00E+00
343.046,0.00E+00
343.427,0.00E+00
343.807,0.00E+00
344.188,0.00E+00
344.568,0.00E+00
344.949,0.00E+00
345.329,8.16E-01
345.71,-8.40E-01
346.09,-2.83E+00
346.47,1.41E+00
346.85,1.81E-01
347.23,9.34E-02
347.611,7.05E-02
347.991,8.30E-02
348.371,8.50E-02
348.751,7.84E-02
349.131,9.63E-02
349.511,7.30E-02
349.891,6.59E-02
350.27,7.07E-02
350.65,6.64E-02
351.03,5.86E-02
351.41,7.12E-02
351.79,7.41E-02
352.169,6.21E-02
352.549,5.82E-02
352.928,6.73E-02
353.308,6.78E-02
353.687,6.96E-02
354.067,6.66E-02
354.446,5.75E-02
354.826,5.35E-02
355.205,6.51E-02
355.584,6.81E-02
355.964,6.68E-02
356.343,7.24E-02
356.722,5.64E-02
357.101,6.40E-02
357.48,5.38E-02
357.859,6.22E-02
358.238,5.66E-02
358.617,6.32E-02
358.996,5.93E-02
359.375,5.04E-02
359.754,5.82E-02
360.133,6.62E-02
360.512,6.68E-02
360.891,5.34E-02
361.269,5.30E-02
361.648,5.06E-02
362.027,5.62E-02
362.405,5.19E-02
362.784,5.54E-02
363.162,5.54E-02
363.541,5.40E-02
363.919,5.63E-02
364.298,4.88E-02
364.676,4.92E-02
365.054,4.90E-02
365.433,3.99E-02
365.811,4.38E-02
366.189,4.33E-02
366.567,4.87E-02
366.945,5.29E-02
367.323,4.63E-02
367.701,4.19E-02
368.079,4.30E-02
368.457,4.95E-02
368.835,4.60E-02
369.213,4.39E-02
369.591,4.44E-02
369.969,4.23E-02
370.346,4.75E-02
370.724,4.83E-02
371.102,4.86E-02
371.479,5.21E-02
371.857,4.78E-02
372.235,4.49E-02
372.612,3.83E-02
372.99,4.05E-02
373.367,3.55E-02
373.744,3.79E-02
374.122,3.94E-02
374.499,3.76E-02
374.876,3.46E-02
375.254,4.12E-02
375.631,4.16E-02
376.008,4.25E-02
376.385,3.55E-02
376.762,4.36E-02
377.139,3.48E-02
377.516,3.59E-02
377.893,4.43E-02
378.27,4.19E-02
378.647,4.16E-02
379.024,4.01E-02
379.4,3.59E-02
379.777,3.90E-02
380.154,3.72E-02
380.53,3.70E-02
380.907,4.48E-02
381.284,3.86E-02
381.66,3.83E-02
382.037,3.63E-02
382.413,3.70E-02
382.79,3.63E-02
383.166,3.51E-02
383.542,3.44E-02
383.919,3.63E-02
384.295,4.13E-02
384.671,3.60E-02
385.047,3.46E-02
385.423,3.55E-02
385.799,3.14E-02
386.176,3.16E-02
386.552,3.08E-02
386.928,3.77E-02
387.303,3.53E-02
387.679,2.74E-02
388.055,2.73E-02
388.431,3.17E-02
388.807,2.64E-02
389.183,2.93E-02
389.558,2.95E-02
389.934,3.30E-02
390.309,2.85E-02
390.685,3.03E-02
391.061,3.02E-02
391.436,2.56E-02
391.811,2.57E-02
392.187,2.81E-02
392.562,2.83E-02
392.938,2.84E-02
393.313,2.48E-02
393.688,2.69E-02
394.063,2.74E-02
394.438,2.58E-02
394.814,2.62E-02
395.189,3.11E-02
395.564,2.60E-02
395.939,2.85E-02
396.314,3.00E-02
396.689,2.99E-02
397.063,2.49E-02
397.438,2.95E-02
397.813,2.76E-02
398.188,2.75E-02
398.563,2.42E-02
398.937,2.68E-02
399.312,2.73E-02
399.686,2.60E-02
400.061,2.39E-02
400.435,2.57E-02
400.81,2.28E-02
401.184,2.57E-02
401.559,2.55E-02
401.933,2.24E-02
402.307,2.73E-02
402.682,2.55E-02
403.056,2.07E-02
403.43,2.51E-02
403.804,2.86E-02
404.178,2.99E-02
404.552,2.63E-02
404.926,2.54E-02
405.3,2.39E-02
405.674,2.28E-02
406.048,2.59E-02
406.422,2.13E-02
406.796,2.41E-02
407.169,2.59E-02
407.543,2.35E-02
407.917,2.39E-02
408.291,2.52E-02
408.664,2.43E-02
409.038,2.02E-02
409.411,2.11E-02
409.785,2.58E-02
410.158,2.83E-02
410.531,2.41E-02
410.905,2.65E-02
411.278,2.53E-02
411.651,2.17E-02
412.025,2.80E-02
412.398,2.44E-02
412.771,2.32E-02
413.144,2.92E-02
413.517,3.04E-02
413.89,3.21E-02
414.263,2.62E-02
414.636,2.71E-02
415.009,3.23E-02
415.382,2.99E-02
415.755,3.21E-02
416.127,3.23E-02
416.5,3.42E-02
416.873,3.42E-02
417.245,3.50E-02
417.618,3.38E-02
417.991,3.86E-02
418.363,3.66E-02
418.736,3.78E-02
419.108,4.02E-02
419.48,4.14E-02
419.853,4.19E-02
420.225,4.68E-02
420.597,4.71E-02
420.97,4.95E-02
421.342,4.98E-02
421.714,5.11E-02
422.086,5.67E-02
422.458,5.92E-02
422.83,6.23E-02
423.202,6.15E-02
423.574,6.85E-02
423.946,6.98E-02
424.318,7.58E-02
424.69,8.13E-02
425.061,8.49E-02
425.433,8.49E-02
425.805,9.09E-02
426.177,9.43E-02
426.548,9.82E-02
426.92,1.06E-01
427.291,1.11E-01
427.663,1.11E-01
428.034,1.14E-01
428.406,1.16E-01
428.777,1.21E-01
429.148,1.33E-01
429.519,1.35E-01
429.891,1.45E-01
430.262,1.55E-01
430.633,1.51E-01
431.004,1.58E-01
431.375,1.70E-01
431.746,1.70E-01
432.117,1.75E-01
432.488,1.82E-01
432.859,1.99E-01
433.23,2.01E-01
433.601,2.03E-01
433.971,2.20E-01
434.342,2.18E-01
434.713,2.39E-01
435.083,2.52E-01
435.454,2.57E-01
435.825,2.68E-01
436.195,2.72E-01
436.566,2.80E-01
436.936,2.92E-01
437.306,3.08E-01
437.677,3.16E-01
438.047,3.28E-01
438.417,3.37E-01
438.788,3.55E-01
439.158,3.65E-01
439.528,3.86E-01
439.898,3.88E-01
440.268,4.32E-01
440.638,4.36E-01
441.008,4.64E-01
441.378,4.77E-01
441.748,4.96E-01
442.118,5.28E-01
442.487,5.53E-01
442.857,5.64E-01
443.227,5.70E-01
443.597,5.99E-01
443.966,6.20E-01
444.336,6.45E-01
444.705,6.49E-01
445.075,6.79E-01
445.444,6.97E-01
445.814,7.14E-01
446.183,7.36E-01
446.552,7.31E-01
446.922,7.48E-01
447.291,7.30E-01
447.66,7.61E-01
448.029,7.43E-01
448.398,7.52E-01
448.768,7.55E-01
449.137,7.45E-01
449.506,7.41E-01
449.875,7.35E-01
450.243,7.09E-01
450.612,7.07E-01
450.981,6.95E-01
451.35,6.88E-01
451.719,6.75E-01
452.087,6.59E-01
452.456,6.41E-01
452.825,6.37E-01
453.193,6.18E-01
453.562,6.02E-01
453.93,6.04E-01
454.299,5.83E-01
454.667,5.66E-01
455.035,5.60E-01
455.404,5.47E-01
455.772,5.19E-01
456.14,5.24E-01
456.508,5.13E-01
456.877,5.04E-01
457.245,4.78E-01
457.613,4.64E-01
457.981,4.67E-01
458.349,4.57E-01
458.717,4.57E-01
459.085,4.44E-01
459.452,4.41E-01
459.82,4.36E-01
460.188,4.20E-01
460.556,4.33E-01
460.923,4.20E-01
461.291,4.20E-01
461.659,4.15E-01
462.026,4.20E-01
462.394,4.11E-01
462.761,4.14E-01
463.128,4.14E-01
463.496,4.11E-01
463.863,4.15E-01
464.23,4.23E-01
464.598,4.26E-01
464.965,4.23E-01
465.332,4.31E-01
465.699,4.27E-01
466.066,4.33E-01
466.433,4.38E-01
466.8,4.44E-01
467.167,4.51E-01
467.534,4.63E-01
467.901,4.64E-01
468.268,4.69E-01
468.635,4.82E-01
469.001,4.85E-01
469.368,4.92E-01
469.735,5.06E-01
470.101,5.06E-01
470.468,5.15E-01
470.834,5.22E-01
471.201,5.33E-01
471.567,5.44E-01
471.934,5.45E-01
472.3,5.52E-01
472.666,5.64E-01
473.032,5.64E-01
473.399,5.76E-01
473.765,5.90E-01
474.131,5.94E-01
474.497,5.95E-01
474.863,6.06E-01
475.229,6.11E-01
475.595,6.22E-01
475.961,6.29E-01
476.327,6.26E-01
476.693,6.33E-01
477.058,6.35E-01
477.424,6.41E-01
477.79,6.41E-01
478.156,6.53E-01
478.521,6.50E-01
478.887,6.58E-01
479.252,6.59E-01
479.618,6.61E-01
479.983,6.59E-01
480.348,6.63E-01
480.714,6.68E-01
481.079,6.60E-01
481.444,6.64E-01
481.81,6.60E-01
482.175,6.61E-01
482.54,6.61E-01
482.905,6.67E-01
483.27,6.71E-01
483.635,6.67E-01
484,6.53E-01
484.365,6.71E-01
484.73,6.64E-01
485.095,6.57E-01
485.459,6.68E-01
485.824,6.72E-01
486.189,6.58E-01
486.553,6.71E-01
486.918,6.71E-01
487.283,6.77E-01
487.647,6.78E-01
488.012,6.99E-01
488.376,6.98E-01
488.74,6.98E-01
489.105,6.95E-01
489.469,7.05E-01
489.833,7.02E-01
490.198,7.13E-01
490.562,7.16E-01
490.926,7.11E-01
491.29,7.17E-01
491.654,7.20E-01
492.018,7.20E-01
492.382,7.16E-01
492.746,7.07E-01
493.11,7.20E-01
493.474,7.15E-01
493.837,7.17E-01
494.201,7.12E-01
494.565,7.06E-01
494.928,7.02E-01
495.292,7.02E-01
495.656,6.96E-01
496.019,6.93E-01
496.383,6.97E-01
496.746,6.85E-01
497.109,6.79E-01
497.473,6.76E-01
497.836,6.67E-01
498.199,6.61E-01
498.563,6.61E-01
498.926,6.48E-01
499.289,6.46E-01
499.652,6.34E-01
500.015,6.27E-01
500.378,6.19E-01
500.741,6.13E-01
501.104,6.04E-01
501.467,6.02E-01
501.829,5.91E-01
502.192,5.91E-01
502.555,5.78E-01
502.918,5.70E-01
503.28,5.71E-01
503.643,5.62E-01
504.005,5.58E-01
504.368,5.52E-01
504.73,5.45E-01
505.093,5.49E-01
505.455,5.37E-01
505.817,5.36E-01
506.18,5.36E-01
506.542,5.21E-01
506.904,5.18E-01
507.266,5.14E-01
507.628,5.11E-01
507.991,5.11E-01
508.353,5.09E-01
508.715,5.04E-01
509.076,4.97E-01
509.438,4.94E-01
509.8,4.94E-01
510.162,4.86E-01
510.524,4.85E-01
510.885,4.76E-01
511.247,4.76E-01
511.609,4.74E-01
511.97,4.71E-01
512.332,4.71E-01
512.693,4.64E-01
513.055,4.66E-01
513.416,4.64E-01
513.778,4.60E-01
514.139,4.60E-01
514.5,4.59E-01
514.861,4.56E-01
515.223,4.55E-01
515.584,4.53E-01
515.945,4.54E-01
516.306,4.59E-01
516.667,4.52E-01
517.028,4.44E-01
517.389,4.52E-01
517.75,4.47E-01
518.11,4.51E-01
518.471,4.51E-01
518.832,4.43E-01
519.193,4.46E-01
519.553,4.48E-01
519.914,4.42E-01
520.274,4.49E-01
520.635,4.49E-01
520.995,4.45E-01
521.356,4.42E-01
521.716,4.47E-01
522.076,4.41E-01
522.437,4.42E-01
522.797,4.46E-01
523.157,4.44E-01
523.517,4.41E-01
523.877,4.40E-01
524.238,4.43E-01
524.598,4.48E-01
524.958,4.48E-01
525.317,4.41E-01
525.677,4.38E-01
526.037,4.38E-01
526.397,4.40E-01
526.757,4.40E-01
527.116,4.37E-01
527.476,4.35E-01
527.836,4.41E-01
528.195,4.43E-01
528.555,4.46E-01
528.914,4.40E-01
529.274,4.41E-01
529.633,4.39E-01
529.993,4.43E-01
530.352,4.44E-01
530.711,4.39E-01
531.07,4.41E-01
531.429,4.38E-01
531.789,4.35E-01
532.148,4.41E-01
532.507,4.39E-01
532.866,4.37E-01
533.225,4.43E-01
533.584,4.42E-01
533.942,4.41E-01
534.301,4.38E-01
534.66,4.41E-01
535.019,4.38E-01
535.377,4.46E-01
535.736,4.33E-01
536.095,4.46E-01
536.453,4.41E-01
536.812,4.45E-01
537.17,4.40E-01
537.528,4.40E-01
537.887,4.41E-01
538.245,4.46E-01
538.603,4.38E-01
538.962,4.42E-01
539.32,4.45E-01
539.678,4.44E-01
540.036,4.40E-01
540.394,4.45E-01
540.752,4.50E-01
541.11,4.48E-01
541.468,4.45E-01
541.826,4.45E-01
542.184,4.50E-01
542.541,4.47E-01
542.899,4.43E-01
543.257,4.50E-01
543.614,4.47E-01
543.972,4.48E-01
544.33,4.51E-01
544.687,4.46E-01
545.045,4.55E-01
545.402,4.54E-01
545.759,4.55E-01
546.117,4.51E-01
546.474,4.49E-01
546.831,4.51E-01
547.188,4.49E-01
547.546,4.52E-01
547.903,4.48E-01
548.26,4.48E-01
548.617,4.45E-01
548.974,4.48E-01
549.331,4.52E-01
549.687,4.47E-01
550.044,4.48E-01
550.401,4.51E-01
550.758,4.46E-01
551.114,4.50E-01
551.471,4.47E-01
551.828,4.44E-01
552.184,4.46E-01
552.541,4.47E-01
552.897,4.49E-01
553.254,4.50E-01
553.61,4.52E-01
553.966,4.53E-01
554.323,4.54E-01
554.679,4.51E-01
555.035,4.52E-01
555.391,4.51E-01
555.747,4.52E-01
556.103,4.54E-01
556.459,4.55E-01
556.815,4.58E-01
557.171,4.56E-01
557.527,4.61E-01
557.883,4.48E-01
558.239,4.57E-01
558.594,4.52E-01
558.95,4.61E-01
559.306,4.58E-01
559.661,4.60E-01
560.017,4.59E-01
560.372,4.59E-01
560.728,4.57E-01
561.083,4.60E-01
561.438,4.65E-01
561.794,4.65E-01
562.149,4.60E-01
562.504,4.60E-01
562.859,4.59E-01
563.215,4.60E-01
563.57,4.67E-01
563.925,4.65E-01
564.28,4.69E-01
564.635,4.68E-01
564.99,4.71E-01
565.344,4.69E-01
565.699,4.66E-01
566.054,4.70E-01
566.409,4.65E-01
566.763,4.67E-01
567.118,4.68E-01
567.473,4.68E-01
567.827,4.75E-01
568.182,4.63E-01
568.536,4.72E-01
568.891,4.67E-01
569.245,4.63E-01
569.599,4.74E-01
569.953,4.68E-01
570.308,4.72E-01
570.662,4.70E-01
571.016,4.68E-01
571.37,4.73E-01
571.724,4.78E-01
572.078,4.68E-01
572.432,4.81E-01
572.786,4.78E-01
573.14,4.79E-01
573.494,4.73E-01
573.847,4.73E-01
574.201,4.85E-01
574.555,4.78E-01
574.908,4.75E-01
575.262,4.75E-01
575.615,4.76E-01
575.969,4.80E-01
576.322,4.71E-01
576.676,4.81E-01
577.029,4.86E-01
577.382,4.77E-01
577.736,4.82E-01
578.089,4.84E-01
578.442,4.81E-01
578.795,4.80E-01
579.148,4.82E-01
579.501,4.80E-01
579.854,4.83E-01
580.207,4.85E-01
580.56,4.80E-01
580.913,4.84E-01
581.265,4.83E-01
581.618,4.84E-01
581.971,4.86E-01
582.324,4.80E-01
582.676,4.81E-01
583.029,4.89E-01
583.381,4.84E-01
583.734,4.87E-01
584.086,4.87E-01
584.438,4.83E-01
584.791,4.82E-01
585.143,4.87E-01
585.495,4.86E-01
585.847,4.83E-01
586.2,4.80E-01
586.552,4.84E-01
586.904,4.90E-01
587.256,4.92E-01
587.608,4.90E-01
587.959,4.77E-01
588.311,4.88E-01
588.663,4.91E-01
589.015,4.90E-01
589.367,4.87E-01
589.718,4.92E-01
590.07,4.94E-01
590.421,4.92E-01
590.773,4.91E-01
591.124,4.90E-01
591.476,4.90E-01
591.827,4.94E-01
592.179,4.88E-01
592.53,4.85E-01
592.881,4.93E-01
593.232,4.94E-01
593.584,4.88E-01
593.935,4.94E-01
594.286,4.91E-01
594.637,4.93E-01
594.988,4.87E-01
595.339,4.92E-01
595.689,4.98E-01
596.04,4.97E-01
596.391,4.97E-01
596.742,4.94E-01
597.092,4.92E-01
597.443,4.94E-01
597.794,4.96E-01
598.144,5.00E-01
598.495,4.95E-01
598.845,4.93E-01
599.196,4.94E-01
599.546,5.01E-01
599.896,5.01E-01
600.247,4.98E-01
600.597,5.04E-01
600.947,5.07E-01
601.297,5.06E-01
601.647,5.05E-01
601.997,5.05E-01
602.347,5.08E-01
602.697,5.07E-01
603.047,5.13E-01
603.397,5.05E-01
603.747,5.06E-01
604.096,5.06E-01
604.446,5.14E-01
604.796,5.08E-01
605.145,5.17E-01
605.495,5.10E-01
605.844,5.11E-01
606.194,5.15E-01
606.543,5.16E-01
606.893,5.15E-01
607.242,5.16E-01
607.591,5.21E-01
607.94,5.15E-01
608.29,5.18E-01
608.639,5.20E-01
608.988,5.21E-01
609.337,5.18E-01
609.686,5.27E-01
610.035,5.24E-01
610.384,5.28E-01
610.733,5.32E-01
611.081,5.35E-01
611.43,5.34E-01
611.779,5.29E-01
612.127,5.26E-01
612.476,5.32E-01
612.825,5.34E-01
613.173,5.31E-01
613.522,5.33E-01
613.87,5.29E-01
614.218,5.26E-01
614.567,5.29E-01
614.915,5.36E-01
615.263,5.33E-01
615.611,5.33E-01
615.96,5.32E-01
616.308,5.37E-01
616.656,5.36E-01
617.004,5.38E-01
617.352,5.36E-01
617.7,5.36E-01
618.047,5.34E-01
618.395,5.35E-01
618.743,5.41E-01
619.091,5.44E-01
619.438,5.43E-01
619.786,5.43E-01
620.134,5.40E-01
620.481,5.36E-01
620.829,5.31E-01
621.176,5.43E-01
621.523,5.36E-01
621.871,5.41E-01
622.218,5.43E-01
622.565,5.44E-01
622.912,5.45E-01
623.259,5.46E-01
623.607,5.43E-01
623.954,5.45E-01
624.301,5.41E-01
624.648,5.39E-01
624.994,5.46E-01
625.341,5.41E-01
625.688,5.44E-01
626.035,5.41E-01
626.382,5.36E-01
626.728,5.46E-01
627.075,5.40E-01
627.421,5.40E-01
627.768,5.39E-01
628.114,5.33E-01
628.461,5.44E-01
628.807,5.29E-01
629.154,5.40E-01
629.5,5.45E-01
629.846,5.42E-01
630.192,5.40E-01
630.538,5.37E-01
630.884,5.31E-01
631.231,5.35E-01
631.577,5.38E-01
631.922,5.33E-01
632.268,5.36E-01
632.614,5.35E-01
632.96,5.32E-01
633.306,5.29E-01
633.651,5.28E-01
633.997,5.27E-01
634.343,5.23E-01
634.688,5.22E-01
635.034,5.24E-01
635.379,5.20E-01
635.725,5.20E-01
636.07,5.18E-01
636.415,5.23E-01
636.761,5.20E-01
637.106,5.24E-01
637.451,5.12E-01
637.796,5.17E-01
638.141,5.11E-01
638.486,5.09E-01
638.831,5.17E-01
639.176,5.16E-01
639.521,5.08E-01
639.866,5.09E-01
640.211,5.04E-01
640.555,5.03E-01
640.9,5.01E-01
641.245,5.04E-01
641.589,5.02E-01
641.934,5.03E-01
642.278,5.01E-01
642.623,4.97E-01
642.967,4.95E-01
643.312,4.90E-01
643.656,4.95E-01
644,4.89E-01
644.344,4.92E-01
644.689,4.84E-01
645.033,4.81E-01
645.377,4.78E-01
645.721,4.82E-01
646.065,4.85E-01
646.409,4.77E-01
646.753,4.80E-01
647.096,4.77E-01
647.44,4.67E-01
647.784,4.65E-01
648.128,4.65E-01
648.471,4.68E-01
648.815,4.68E-01
649.158,4.60E-01
649.502,4.61E-01
649.845,4.57E-01
650.189,4.55E-01
650.532,4.56E-01
650.875,4.52E-01
651.218,4.55E-01
651.562,4.51E-01
651.905,4.46E-01
652.248,4.37E-01
652.591,4.44E-01
652.934,4.39E-01
653.277,4.37E-01
653.62,4.37E-01
653.963,4.40E-01
654.305,4.29E-01
654.648,4.35E-01
654.991,4.24E-01
655.334,4.25E-01
655.676,4.20E-01
656.019,4.22E-01
656.361,4.16E-01
656.704,4.21E-01
657.046,4.18E-01
657.389,4.08E-01
657.731,4.10E-01
658.073,4.04E-01
658.415,4.08E-01
658.757,3.96E-01
659.1,4.01E-01
659.442,3.94E-01
659.784,3.96E-01
660.126,3.92E-01
660.468,3.94E-01
660.809,3.91E-01
661.151,3.84E-01
661.493,3.93E-01
661.835,3.87E-01
662.177,3.81E-01
662.518,3.85E-01
662.86,3.77E-01
663.201,3.76E-01
663.543,3.67E-01
663.884,3.70E-01
664.226,3.66E-01
664.567,3.65E-01
664.908,3.66E-01
665.249,3.60E-01
665.591,3.56E-01
665.932,3.51E-01
666.273,3.56E-01
666.614,3.52E-01
666.955,3.45E-01
667.296,3.51E-01
667.637,3.46E-01
667.978,3.42E-01
668.318,3.38E-01
668.659,3.37E-01
669,3.36E-01
669.341,3.37E-01
669.681,3.29E-01
670.022,3.29E-01
670.362,3.22E-01
670.703,3.23E-01
671.043,3.22E-01
671.383,3.21E-01
671.724,3.18E-01
672.064,3.16E-01
672.404,3.13E-01
672.744,3.15E-01
673.085,3.08E-01
673.425,3.11E-01
673.765,3.04E-01
674.105,2.98E-01
674.444,2.98E-01
674.784,2.97E-01
675.124,2.98E-01
675.464,2.90E-01
675.804,2.89E-01
676.143,2.87E-01
676.483,2.84E-01
676.823,2.85E-01
677.162,2.80E-01
677.501,2.81E-01
677.841,2.77E-01
678.18,2.73E-01
678.52,2.69E-01
678.859,2.67E-01
679.198,2.62E-01
679.537,2.62E-01
679.876,2.60E-01
680.215,2.59E-01
680.555,2.58E-01
680.894,2.57E-01
681.232,2.53E-01
681.571,2.51E-01
681.91,2.57E-01
682.249,2.50E-01
682.588,2.47E-01
682.926,2.43E-01
683.265,2.44E-01
683.604,2.42E-01
683.942,2.41E-01
684.281,2.30E-01
684.619,2.39E-01
684.957,2.34E-01
685.296,2.34E-01
685.634,2.33E-01
685.972,2.30E-01
686.31,2.32E-01
686.649,2.25E-01
686.987,2.20E-01
687.325,2.24E-01
687.663,2.21E-01
688.001,2.16E-01
688.338,2.20E-01
688.676,2.19E-01
689.014,2.13E-01
689.352,2.12E-01
689.69,2.09E-01
690.027,2.08E-01
690.365,2.06E-01
690.702,2.09E-01
691.04,2.09E-01
691.377,2.05E-01
691.715,2.07E-01
692.052,2.01E-01
692.389,2.02E-01
692.726,2.00E-01
693.064,1.96E-01
693.401,1.95E-01
693.738,1.96E-01
694.075,1.95E-01
694.412,1.99E-01
694.749,1.90E-01
695.086,1.89E-01
695.423,1.92E-01
695.759,1.88E-01
696.096,1.95E-01
696.433,1.93E-01
696.769,1.90E-01
697.106,1.94E-01
697.443,1.92E-01
697.779,1.93E-01
698.116,1.89E-01
698.452,1.93E-01
698.788,1.93E-01
699.125,1.89E-01
699.461,1.91E-01
699.797,1.91E-01
700.133,1.91E-01
700.469,1.93E-01
700.805,1.95E-01
701.141,1.95E-01
701.477,1.89E-01
701.813,1.94E-01
702.149,1.99E-01
702.485,1.95E-01
702.82,1.97E-01
703.156,1.95E-01
703.492,2.03E-01
703.827,1.96E-01
704.163,2.04E-01
704.498,2.04E-01
704.834,2.08E-01
705.169,2.08E-01
705.505,2.12E-01
705.84,2.10E-01
706.175,2.17E-01
706.51,2.15E-01
706.845,2.16E-01
707.18,2.20E-01
707.515,2.20E-01
707.85,2.24E-01
708.185,2.22E-01
708.52,2.28E-01
708.855,2.29E-01
709.19,2.31E-01
709.525,2.41E-01
709.859,2.39E-01
710.194,2.42E-01
710.529,2.46E-01
710.863,2.47E-01
711.198,2.51E-01
711.532,2.49E-01
711.866,2.61E-01
712.201,2.55E-01
712.535,2.65E-01
712.869,2.71E-01
713.203,2.71E-01
713.537,2.76E-01
713.872,2.78E-01
714.206,2.79E-01
714.54,2.88E-01
714.873,2.91E-01
715.207,2.95E-01
715.541,3.00E-01
715.875,3.06E-01
716.209,3.10E-01
716.542,3.15E-01
716.876,3.20E-01
717.21,3.24E-01
717.543,3.33E-01
717.877,3.36E-01
718.21,3.38E-01
718.543,3.49E-01
718.877,3.53E-01
719.21,3.56E-01
719.543,3.66E-01
719.876,3.75E-01
720.209,3.84E-01
720.542,3.83E-01
720.875,3.94E-01
721.208,3.97E-01
721.541,4.02E-01
721.874,4.20E-01
722.207,4.19E-01
722.54,4.41E-01
722.872,4.39E-01
723.205,4.49E-01
723.538,4.54E-01
723.87,4.63E-01
724.203,4.76E-01
724.535,4.89E-01
724.868,4.99E-01
725.2,5.05E-01
725.532,5.12E-01
725.865,5.23E-01
726.197,5.26E-01
726.529,5.45E-01
726.861,5.45E-01
727.193,5.55E-01
727.525,5.64E-01
727.857,5.79E-01
728.189,5.77E-01
728.521,5.82E-01
728.853,6.04E-01
729.184,6.01E-01
729.516,6.24E-01
729.848,6.18E-01
730.179,6.18E-01
730.511,6.32E-01
730.842,6.29E-01
731.174,6.43E-01
731.505,6.50E-01
731.836,6.39E-01
732.168,6.40E-01
732.499,6.42E-01
732.83,6.48E-01
733.161,6.46E-01
733.492,6.38E-01
733.823,6.35E-01
734.154,6.33E-01
734.485,6.24E-01
734.816,6.18E-01
735.147,6.20E-01
735.478,6.03E-01
735.808,5.92E-01
736.139,5.83E-01
736.47,5.74E-01
736.8,5.63E-01
737.131,5.50E-01
737.461,5.34E-01
737.792,5.29E-01
738.122,5.12E-01
738.452,4.95E-01
738.782,4.90E-01
739.113,4.75E-01
739.443,4.50E-01
739.773,4.34E-01
740.103,4.23E-01
740.433,4.09E-01
740.763,4.05E-01
741.093,3.91E-01
741.423,3.88E-01
741.752,3.78E-01
742.082,3.65E-01
742.412,3.45E-01
742.742,3.44E-01
743.071,3.40E-01
743.401,3.34E-01
743.73,3.27E-01
744.06,3.17E-01
744.389,3.16E-01
744.718,3.00E-01
745.048,3.03E-01
745.377,2.98E-01
745.706,2.92E-01
746.035,2.88E-01
746.364,2.88E-01
746.693,2.81E-01
747.022,2.73E-01
747.351,2.77E-01
747.68,2.70E-01
748.009,2.77E-01
748.338,2.72E-01
748.666,2.75E-01
748.995,2.77E-01
749.323,2.69E-01
749.652,2.71E-01
749.981,2.75E-01
750.309,2.75E-01
750.637,2.70E-01
750.966,2.71E-01
751.294,2.65E-01
751.622,2.72E-01
751.95,2.80E-01
752.279,2.79E-01
752.607,2.78E-01
752.935,2.85E-01
753.263,2.95E-01
753.591,2.80E-01
753.919,2.93E-01
754.246,2.97E-01
754.574,2.99E-01
754.902,2.98E-01
755.23,3.02E-01
755.557,2.97E-01
755.885,3.07E-01
756.212,3.18E-01
756.54,3.14E-01
756.867,3.16E-01
757.195,3.24E-01
757.522,3.23E-01
757.849,3.24E-01
758.176,3.29E-01
758.503,3.34E-01
758.831,3.28E-01
759.158,3.39E-01
759.485,3.38E-01
759.812,3.46E-01
760.138,3.44E-01
760.465,3.55E-01
760.792,3.58E-01
761.119,3.55E-01
761.446,3.69E-01
761.772,3.58E-01
762.099,3.69E-01
762.425,3.70E-01
762.752,3.74E-01
763.078,3.86E-01
763.405,3.77E-01
763.731,3.66E-01
764.057,3.75E-01
764.383,3.84E-01
764.71,3.77E-01
765.036,3.86E-01
765.362,3.86E-01
765.688,3.96E-01
766.014,3.87E-01
766.34,3.84E-01
766.665,3.91E-01
766.991,3.97E-01
767.317,3.96E-01
767.643,3.92E-01
767.968,3.84E-01
768.294,3.98E-01
768.619,4.06E-01
768.945,3.97E-01
769.27,3.99E-01
769.596,3.97E-01
769.921,3.96E-01
770.246,3.92E-01
770.572,3.86E-01
770.897,3.83E-01
771.222,3.89E-01
771.547,3.81E-01
771.872,3.86E-01
772.197,3.86E-01
772.522,3.91E-01
772.847,3.72E-01
773.171,3.73E-01
773.496,3.71E-01
773.821,3.81E-01
774.146,3.67E-01
774.47,3.61E-01
774.795,3.55E-01
775.119,3.53E-01
775.444,3.51E-01
775.768,3.46E-01
776.092,3.47E-01
776.417,3.44E-01
776.741,3.33E-01
777.065,3.36E-01
777.389,3.34E-01
777.713,3.25E-01
778.037,3.08E-01
778.361,3.15E-01
778.685,3.10E-01
779.009,3.12E-01
779.333,3.02E-01
779.657,2.97E-01
779.98,2.85E-01
780.304,2.88E-01
780.627,2.81E-01
780.951,2.73E-01
781.274,2.69E-01
781.598,2.65E-01
781.921,2.72E-01
782.245,2.61E-01
782.568,2.50E-01
782.891,2.57E-01
783.214,2.50E-01
783.537,2.51E-01
783.861,2.34E-01
784.184,2.42E-01
784.506,2.33E-01
784.829,2.30E-01
785.152,2.25E-01
785.475,2.16E-01
785.798,2.24E-01
786.12,2.11E-01
786.443,2.14E-01
786.766,2.11E-01
787.088,2.11E-01
787.411,2.02E-01
787.733,2.04E-01
788.056,2.01E-01
788.378,2.01E-01
788.7,2.00E-01
789.022,1.95E-01
789.345,1.93E-01
789.667,1.91E-01
789.989,1.88E-01
790.311,1.93E-01
790.633,1.86E-01
790.955,1.86E-01
791.276,1.93E-01
791.598,1.88E-01
791.92,1.85E-01
792.242,1.81E-01
792.563,1.82E-01
792.885,1.82E-01
793.206,1.85E-01
793.528,1.85E-01
793.849,1.83E-01
794.171,1.82E-01
794.492,1.85E-01
794.813,1.84E-01
795.134,1.85E-01
795.456,1.88E-01
795.777,1.88E-01
796.098,1.93E-01
796.419,1.92E-01
796.74,1.89E-01
797.061,1.91E-01
797.381,1.91E-01
797.702,1.96E-01
798.023,1.97E-01
798.344,1.92E-01
798.664,1.98E-01
798.985,2.09E-01
799.305,2.06E-01
799.626,2.03E-01
799.946,2.03E-01
800.267,2.09E-01
800.587,2.12E-01
800.907,2.17E-01
801.227,2.23E-01
801.548,2.20E-01
801.868,2.28E-01
802.188,2.19E-01
802.508,2.26E-01
802.828,2.40E-01
803.147,2.44E-01
803.467,2.43E-01
803.787,2.30E-01
804.107,2.43E-01
804.426,2.42E-01
804.746,2.47E-01
805.066,2.43E-01
805.385,2.58E-01
805.705,2.50E-01
806.024,2.53E-01
806.343,2.49E-01
806.663,2.61E-01
806.982,2.54E-01
807.301,2.72E-01
807.62,2.65E-01
807.939,2.64E-01
808.258,2.60E-01
808.577,2.59E-01
808.896,2.69E-01
809.215,2.81E-01
809.534,2.81E-01
809.852,2.76E-01
810.171,2.82E-01
810.49,2.73E-01
810.808,2.77E-01
811.127,2.80E-01
811.445,2.77E-01
811.764,2.70E-01
812.082,2.80E-01
812.401,2.79E-01
812.719,2.78E-01
813.037,2.80E-01
813.355,2.80E-01
813.673,2.77E-01
813.991,2.83E-01
814.309,2.78E-01
814.627,2.81E-01
814.945,2.68E-01
815.263,2.76E-01
815.581,2.86E-01
815.899,2.81E-01
816.216,2.71E-01
816.534,2.82E-01
816.851,2.77E-01
817.169,2.80E-01
817.486,2.87E-01
817.804,2.78E-01
818.121,2.77E-01
818.438,2.61E-01
818.756,2.78E-01
819.073,2.82E-01
819.39,2.75E-01
819.707,2.76E-01
820.024,2.77E-01
820.341,2.77E-01
820.658,2.74E-01
820.975,2.77E-01
821.292,2.73E-01
821.608,2.62E-01
821.925,2.76E-01
822.242,2.69E-01
822.558,2.78E-01
822.875,2.77E-01
823.191,2.73E-01
823.508,2.70E-01
823.824,2.81E-01
824.141,2.75E-01
824.457,2.86E-01
824.773,2.72E-01
825.089,2.72E-01
825.405,2.74E-01
825.721,2.83E-01
826.037,2.71E-01
826.353,2.85E-01
826.669,2.85E-01
826.985,2.87E-01
827.301,2.83E-01
827.617,2.74E-01
827.932,2.85E-01
828.248,2.81E-01
828.563,2.91E-01
828.879,2.86E-01
829.194,2.82E-01
829.51,2.94E-01
829.825,2.98E-01
830.14,2.99E-01
830.456,3.06E-01
830.771,2.98E-01
831.086,3.08E-01
831.401,3.00E-01
831.716,2.99E-01
832.031,3.11E-01
832.346,3.11E-01
832.661,3.03E-01
832.976,3.08E-01
833.29,3.06E-01
833.605,3.11E-01
833.92,3.16E-01
834.234,3.16E-01
834.549,3.23E-01
834.863,3.32E-01
835.178,3.21E-01
835.492,3.34E-01
835.806,3.42E-01
836.121,3.35E-01
836.435,3.35E-01
836.749,3.48E-01
837.063,3.45E-01
837.377,3.39E-01
837.691,3.56E-01
838.005,3.52E-01
838.319,3.69E-01
838.633,3.61E-01
838.946,3.76E-01
839.26,3.86E-01
839.574,3.83E-01
839.887,3.88E-01
840.201,3.84E-01
840.514,3.85E-01
840.828,4.15E-01
841.141,4.03E-01
841.455,3.96E-01
841.768,4.09E-01
842.081,4.07E-01
842.394,4.37E-01
842.707,4.37E-01
843.02,4.39E-01
843.333,4.43E-01
843.646,4.37E-01
843.959,4.53E-01
844.272,4.60E-01
844.585,4.60E-01
844.898,4.71E-01
845.21,4.78E-01
845.523,4.76E-01
845.835,4.89E-01
846.148,4.88E-01
846.46,4.86E-01
846.773,4.98E-01
847.085,5.00E-01
847.397,5.10E-01
847.71,5.07E-01
848.022,5.35E-01
848.334,5.37E-01
848.646,5.45E-01
848.958,5.29E-01
849.27,5.49E-01
849.582,5.21E-01
849.894,5.33E-01
850.205,5.41E-01
850.517,5.41E-01
850.829,5.46E-01
851.141,5.32E-01
851.452,5.33E-01
851.764,5.46E-01
852.075,5.23E-01
852.386,5.42E-01
852.698,5.24E-01
853.009,5.19E-01
853.32,5.25E-01
853.632,5.04E-01
853.943,5.28E-01
854.254,5.05E-01
854.565,5.16E-01
854.876,4.98E-01
855.187,4.96E-01
855.497,4.94E-01
855.808,4.68E-01
856.119,4.65E-01
856.43,4.53E-01
856.74,4.35E-01
857.051,4.44E-01
857.361,4.35E-01
857.672,4.34E-01
857.982,4.17E-01
858.293,3.97E-01
858.603,3.86E-01
858.913,3.81E-01
859.223,3.90E-01
859.533,3.56E-01
859.844,3.51E-01
860.154,3.39E-01
860.464,3.32E-01
860.773,3.24E-01
861.083,3.24E-01
861.393,3.09E-01
861.703,3.03E-01
862.013,3.05E-01
862.322,2.89E-01
862.632,2.85E-01
862.941,2.88E-01
863.251,2.59E-01
863.56,2.50E-01
863.869,2.39E-01
864.179,2.46E-01
864.488,2.35E-01
864.797,2.26E-01
865.106,2.30E-01
865.415,2.16E-01
865.724,2.17E-01
866.033,2.11E-01
866.342,2.13E-01
866.651,2.09E-01
866.96,2.07E-01
867.269,1.98E-01
867.577,1.88E-01
867.886,1.83E-01
868.195,1.78E-01
868.503,1.79E-01
868.812,1.87E-01
869.12,1.75E-01
869.428,1.63E-01
869.737,1.59E-01
870.045,1.67E-01
870.353,1.62E-01
870.661,1.80E-01
870.969,1.57E-01
871.277,1.65E-01
871.585,1.56E-01
871.893,1.48E-01
872.201,1.63E-01
872.509,1.67E-01
872.817,1.46E-01
873.124,1.56E-01
873.432,1.47E-01
873.739,1.46E-01
874.047,1.40E-01
874.354,1.58E-01
874.662,1.46E-01
874.969,1.42E-01
875.276,1.51E-01
875.584,1.41E-01
875.891,1.48E-01
876.198,1.51E-01
876.505,1.49E-01
876.812,1.58E-01
877.119,1.43E-01
877.426,1.58E-01
877.733,1.51E-01
878.04,1.57E-01
878.346,1.42E-01
878.653,1.61E-01
878.96,1.54E-01
879.266,1.61E-01
879.573,1.64E-01
879.879,1.37E-01
880.185,1.56E-01
880.492,1.79E-01
880.798,1.64E-01
881.104,1.62E-01
881.411,1.68E-01
881.717,1.66E-01
882.023,1.77E-01
882.329,1.68E-01
882.635,1.68E-01
882.941,1.62E-01
883.246,1.66E-01
883.552,1.73E-01
883.858,1.64E-01
884.164,1.65E-01
884.469,1.89E-01
884.775,1.86E-01
885.08,1.72E-01
885.386,1.80E-01
885.691,1.73E-01
885.996,1.54E-01
886.302,1.87E-01
886.607,1.88E-01
886.912,1.90E-01
887.217,1.93E-01
887.522,2.03E-01
887.827,1.90E-01
888.132,1.96E-01
888.437,2.03E-01
888.742,1.93E-01
889.046,2.02E-01
889.351,2.01E-01
889.656,2.10E-01
889.96,2.20E-01
890.265,2.17E-01
890.569,2.19E-01
890.874,1.96E-01
891.178,2.18E-01
891.483,2.07E-01
891.787,2.11E-01
892.091,2.10E-01
892.395,2.04E-01
892.699,2.10E-01
893.003,2.12E-01
893.307,2.26E-01
893.611,2.31E-01
893.915,2.21E-01
894.219,2.15E-01
894.523,2.22E-01
894.826,2.23E-01
895.13,2.31E-01
895.433,2.50E-01
895.737,2.36E-01
896.04,2.41E-01
896.344,2.59E-01
896.647,2.34E-01
896.95,2.39E-01
897.254,2.47E-01
897.557,2.52E-01
897.86,2.37E-01
898.163,2.42E-01
898.466,2.60E-01
898.769,2.45E-01
899.072,2.54E-01
899.375,2.58E-01
899.677,2.47E-01
899.98,2.62E-01
900.283,2.51E-01
900.585,2.73E-01
900.888,2.61E-01
901.191,2.60E-01
901.493,2.71E-01
901.795,2.84E-01
902.098,2.92E-01
902.4,2.91E-01
902.702,2.78E-01
903.004,2.86E-01
903.306,2.96E-01
903.608,2.79E-01
903.91,3.01E-01
904.212,2.93E-01
904.514,2.88E-01
904.816,2.90E-01
905.118,2.98E-01
905.42,3.02E-01
905.721,3.13E-01
906.023,3.32E-01
906.324,3.05E-01
906.626,2.97E-01
906.927,3.14E-01
907.228,3.17E-01
907.53,3.26E-01
907.831,3.20E-01
908.132,3.02E-01
908.433,3.07E-01
908.734,3.41E-01
909.035,3.40E-01
909.336,3.28E-01
909.637,3.20E-01
909.938,3.33E-01
910.239,3.28E-01
910.54,3.49E-01
910.84,3.38E-01
911.141,3.45E-01
911.441,3.67E-01
911.742,3.66E-01
912.042,3.45E-01
912.343,3.73E-01
912.643,3.81E-01
912.943,3.52E-01
913.244,3.71E-01
913.544,3.91E-01
913.844,3.64E-01
914.144,3.53E-01
914.444,3.57E-01
914.744,3.82E-01
915.044,3.79E-01
915.343,3.82E-01
915.643,3.96E-01
915.943,3.76E-01
916.243,3.83E-01
916.542,4.09E-01
916.842,4.12E-01
917.141,3.97E-01
917.441,4.32E-01
917.74,4.35E-01
918.039,4.14E-01
918.338,4.20E-01
918.638,4.18E-01
918.937,4.23E-01
919.236,4.30E-01
919.535,4.36E-01
919.834,4.47E-01
920.133,4.78E-01
920.431,4.66E-01
920.73,4.73E-01
921.029,4.56E-01
921.328,4.54E-01
921.626,4.82E-01
921.925,5.05E-01
922.223,4.63E-01
922.522,4.58E-01
922.82,5.09E-01
923.118,5.02E-01
923.417,5.08E-01
923.715,5.09E-01
924.013,5.30E-01
924.311,5.03E-01
924.609,4.82E-01
924.907,5.69E-01
925.205,5.14E-01
925.503,5.33E-01
925.801,5.52E-01
926.098,5.48E-01
926.396,5.16E-01
926.694,5.41E-01
926.991,5.79E-01
927.289,5.70E-01
927.586,5.83E-01
927.884,6.05E-01
928.181,5.92E-01
928.478,6.13E-01
928.775,5.87E-01
929.073,5.89E-01
929.37,6.27E-01
929.667,6.27E-01
929.964,6.48E-01
930.261,6.15E-01
930.557,6.48E-01
930.854,6.75E-01
931.151,6.70E-01
931.448,6.55E-01
931.744,6.79E-01
932.041,6.77E-01
932.337,6.61E-01
932.634,6.96E-01
932.93,7.01E-01
933.227,6.99E-01
933.523,7.04E-01
933.819,6.75E-01
934.115,7.80E-01
934.412,7.20E-01
934.708,7.57E-01
935.004,7.67E-01
935.3,7.40E-01
935.595,7.53E-01
935.891,7.88E-01
936.187,8.13E-01
936.483,7.68E-01
936.778,8.19E-01
937.074,8.56E-01
937.369,8.53E-01
937.665,8.40E-01
937.96,8.23E-01
938.256,8.71E-01
938.551,8.24E-01
938.846,8.64E-01
939.141,8.89E-01
939.437,8.90E-01
939.732,9.05E-01
940.027,8.89E-01
940.322,9.18E-01
940.617,8.83E-01
940.911,9.67E-01
941.206,9.35E-01
941.501,9.19E-01
941.796,9.06E-01
942.09,9.58E-01
942.385,1.00E+00
942.679,1.03E+00
942.974,9.66E-01
943.268,9.74E-01
943.562,9.85E-01
943.857,9.97E-01
944.151,9.59E-01
944.445,9.87E-01
944.739,1.02E+00
945.033,1.06E+00
945.327,1.06E+00
945.621,1.05E+00
945.915,1.07E+00
946.208,1.09E+00
946.502,1.08E+00
946.796,1.09E+00
947.089,1.06E+00
947.383,1.08E+00
947.676,1.10E+00
947.97,1.08E+00
948.263,1.08E+00
948.557,1.06E+00
948.85,9.99E-01
949.143,1.09E+00
949.436,1.12E+00
949.729,1.07E+00
950.022,1.12E+00
950.315,1.07E+00
950.608,1.14E+00
950.901,1.11E+00
951.194,1.13E+00
951.487,1.15E+00
951.779,1.06E+00
952.072,1.15E+00
952.364,1.06E+00
952.657,1.20E+00
952.949,1.12E+00
953.242,1.11E+00
953.534,1.03E+00
953.826,1.04E+00
954.118,1.11E+00
954.411,9.63E-01
954.703,1.07E+00
954.995,1.00E+00
955.287,1.04E+00
955.579,1.04E+00
955.87,1.01E+00
956.162,9.99E-01
956.454,1.06E+00
956.746,1.04E+00
957.037,9.59E-01
957.329,9.88E-01
957.62,1.02E+00
957.912,9.44E-01
958.203,9.36E-01
958.494,9.19E-01
958.786,9.59E-01
959.077,9.36E-01
959.368,9.76E-01
959.659,9.79E-01
959.95,8.86E-01
960.241,8.98E-01
960.532,8.26E-01
960.823,9.38E-01
961.114,9.15E-01
961.404,8.94E-01
961.695,7.85E-01
961.986,8.06E-01
962.276,8.00E-01
962.567,8.23E-01
962.857,8.79E-01
963.147,7.64E-01
963.438,8.14E-01
963.728,7.41E-01
964.018,7.37E-01
964.308,7.39E-01
964.598,8.41E-01
964.888,7.73E-01
965.178,7.58E-01
965.468,6.96E-01
965.758,6.96E-01
966.048,6.59E-01
966.338,7.67E-01
966.627,7.08E-01
966.917,7.14E-01
967.206,6.84E-01
967.496,6.20E-01
967.785,6.54E-01
968.075,7.14E-01
968.364,7.72E-01
968.653,7.03E-01
968.942,7.33E-01
969.232,6.39E-01
969.521,6.27E-01
969.81,7.12E-01
970.099,6.55E-01
970.388,6.25E-01
970.676,6.29E-01
970.965,6.60E-01
971.254,6.54E-01
971.543,6.92E-01
971.831,6.50E-01
972.12,6.34E-01
972.408,5.69E-01
972.697,6.26E-01
972.985,6.65E-01
973.273,6.04E-01
973.561,6.32E-01
973.85,6.59E-01
974.138,7.07E-01
974.426,6.37E-01
974.714,6.52E-01
975.002,6.72E-01
975.29,6.26E-01
975.577,6.62E-01
975.865,6.68E-01
976.153,6.18E-01
976.441,6.84E-01
976.728,7.24E-01
977.016,7.07E-01
977.303,7.20E-01
977.59,6.88E-01
977.878,6.21E-01
978.165,6.88E-01
978.452,5.68E-01
978.74,6.48E-01
979.027,5.98E-01
979.314,6.68E-01
979.601,7.14E-01
979.888,5.51E-01
980.174,6.72E-01
980.461,5.76E-01
980.748,7.14E-01
981.035,6.97E-01
981.321,7.04E-01
981.608,7.32E-01
981.894,7.53E-01
982.181,6.53E-01
982.467,7.67E-01
982.754,7.20E-01
983.04,7.56E-01
983.326,7.11E-01
983.612,6.50E-01
983.898,7.68E-01
984.184,8.17E-01
984.47,5.96E-01
984.756,6.56E-01
985.042,6.44E-01
985.328,7.58E-01
985.614,7.15E-01
985.899,5.81E-01
986.185,7.17E-01
986.47,8.08E-01
986.756,7.77E-01
987.041,8.76E-01
987.327,6.75E-01
987.612,8.21E-01
987.897,8.46E-01
988.182,7.89E-01
988.468,8.57E-01
988.753,8.53E-01
989.038,8.44E-01
989.323,9.04E-01
989.607,8.40E-01
989.892,9.98E-01
990.177,7.94E-01
990.462,8.76E-01
990.746,8.87E-01
991.031,8.76E-01
991.315,8.76E-01
991.6,8.22E-01
991.884,7.17E-01
992.169,6.34E-01
992.453,9.56E-01
992.737,8.78E-01
993.021,7.67E-01
993.305,8.66E-01
993.59,9.03E-01
993.874,8.61E-01
994.157,8.83E-01
994.441,7.87E-01
994.725,7.57E-01
995.009,8.48E-01
995.293,9.52E-01
995.576,9.75E-01
995.86,1.14E+00
996.143,7.08E-01
996.427,9.31E-01
996.71,7.86E-01
996.993,1.02E+00
997.277,8.18E-01
997.56,9.61E-01
997.843,1.18E+00
998.126,9.77E-01
998.409,1.11E+00
998.692,1.02E+00
998.975,1.01E+00
999.258,1.11E+00
999.541,1.22E+00
999.823,1.07E+00
1000.106,1.12E+00
1000.388,1.05E+00
1000.671,1.07E+00
1000.954,1.32E+00
1001.236,1.14E+00
1001.518,1.19E+00
1001.801,1.10E+00
1002.083,1.12E+00
1002.365,1.18E+00
1002.647,1.35E+00
1002.929,1.20E+00
1003.211,1.18E+00
1003.493,1.49E+00
1003.775,1.34E+00
1004.057,1.41E+00
1004.338,1.27E+00
1004.62,9.86E-01
1004.902,1.45E+00
1005.183,1.24E+00
1005.465,1.28E+00
1005.746,1.38E+00
1006.028,1.28E+00
1006.309,1.58E+00
1006.59,1.58E+00
1006.871,1.32E+00
1007.153,1.28E+00
1007.434,1.72E+00
1007.715,1.33E+00
1007.996,1.26E+00
1008.277,1.39E+00
1008.557,1.42E+00
1008.838,1.71E+00
1009.119,1.66471
1009.4,1.59532
1009.68,1.15454
1009.961,1.55961
1010.241,1.65806
1010.522,1.67084
1010.802,1.65638
1011.082,1.73582
1011.362,2.01094
1011.643,1.94045
1011.923,1.87967
1012.203,1.77939
1012.483,1.60915
1012.763,1.94347
1013.042,1.77667
1013.322,1.78315
1013.602,1.82294
1013.882,2.06373
1014.161,1.45723
1014.441,2.13615
1014.72,2.04976
1015,2.06745
1015.279,2.03898
1015.558,2.21092
1015.838,2.15706
1016.117,2.07675
1016.396,1.97654
1016.675,1.94943
1016.954,2.12364
1017.233,2.52321
1017.512,2.28368
1017.791,1.29205
1018.07,1.97834
1018.348,2.06811
1018.627,2.31563
1018.905,2.17839
1019.184,2.10486
1019.462,2.05275
1019.741,2.37973
1020.019,1.77405
1020.297,2.25066
1020.576,2.63929
1020.854,2.29741
1021.132,2.1315
1021.41,2.1315
1021.688,2.1315
